2.458040940159129e+06 1.288138378183139e+00 -8.787417010073607e-01 -2.619624304167312e-02 8.525006757036260e-01
2.458043874709042e+06 7.813728531872921e-01 -7.939613217162934e-01 -9.737031990494938e-02 8.132457555097874e-01
2.458043371109914e+06 8.566484527387174e-01 -8.164284996547710e-01 -3.332343911528878e-01 8.530999034566326e-01
2.458043371110913e+06 8.566482989081934e-01 -8.164284568766275e-01 -3.332355463193027e-01 8.531012181567961e-01
2.458044960037668e+06 6.400810695265927e-01 -7.400616387824240e-01 -1.201963545765327e-01 7.771039735317025e-01
2.458044960039667e+06 6.400808351897580e-01 -7.400615346255487e-01 -1.201974292366369e-01 7.771022210083114e-01
2.458044282860042e+06 7.251017663924300e-01 -7.743865429047440e-01 -3.109233539216923e-01 8.223986113723836e-01
2.458044282860042e+06 7.251017663924297e-01 -7.743865429047440e-01 -3.109232084775878e-01 8.223980780773343e-01
2.458044294080041e+06 7.236182284809601e-01 -7.738320154160960e-01 -3.106482383510819e-01 8.219654812294854e-01
2.458044294080041e+06 7.236182284809601e-01 -7.738320154160960e-01 -3.106470747982472e-01 8.219652388226448e-01
2.458045879922940e+06 5.402768699358453e-01 -6.918255597904893e-01 -1.285283921162164e-01 7.400817319465676e-01
2.458045879927941e+06 5.402763791680082e-01 -6.918252962321562e-01 -1.285244106898751e-01 7.400810805372895e-01
2.458045891298939e+06 5.391614349221968e-01 -6.912258113849006e-01 -1.286301788117392e-01 7.396028475916794e-01
2.458045891302939e+06 5.391610431204626e-01 -6.912256004489949e-01 -1.286324050038831e-01 7.396046243918664e-01
2.458046342252051e+06 4.963814497449098e-01 -6.675701044212726e-01 -1.292885298345030e-01 7.202572312158515e-01
2.458046344782051e+06 4.961477736763231e-01 -6.674387702526768e-01 -1.293181075947607e-01 7.201409262713701e-01
2.458046345032051e+06 4.961252730559151e-01 -6.674257264406624e-01 -1.293116058258295e-01 7.201303065277612e-01
2.458046345782050e+06 4.960577779086829e-01 -6.673865949588933e-01 -1.293161055102427e-01 7.201018409469765e-01
2.458046346452050e+06 4.960036750128816e-01 -6.673508901508440e-01 -1.293238163587833e-01 7.200806805493605e-01
2.458046350582050e+06 4.956324983773343e-01 -6.671353211608949e-01 -1.293540654511630e-01 7.199058359086246e-01
2.458044828485949e+06 6.558384043906709e-01 -7.468382126080206e-01 -2.964249331890307e-01 8.003316815170208e-01
2.458044828485949e+06 6.558384043906708e-01 -7.468382126080207e-01 -2.964250786331349e-01 8.003313906288123e-01
2.458044831452931e+06 6.554810600223197e-01 -7.466843377563165e-01 -2.963526592651741e-01 8.002057319333487e-01
2.458044831452931e+06 6.554810600223195e-01 -7.466843377563164e-01 -2.963525138210696e-01 8.002056834519804e-01
2.458046662597774e+06 4.680998883223782e-01 -6.508027470262668e-01 -1.301263325404420e-01 7.064002103485462e-01
2.458046663577774e+06 4.680157480950448e-01 -6.507524407885874e-01 -1.301330948783174e-01 7.063586307571268e-01
2.458046664577772e+06 4.679299110238956e-01 -6.507011119097165e-01 -1.301388875928986e-01 7.063155437108347e-01
2.458046665557772e+06 4.678458104901130e-01 -6.506508133251276e-01 -1.301442351832814e-01 7.062734869588247e-01
2.458047693629482e+06 3.882332444072420e-01 -5.988714351079804e-01 -1.354295744610473e-01 6.626578863178809e-01
2.458047696149482e+06 3.880556874463659e-01 -5.987491718160456e-01 -1.354367315126754e-01 6.625530763184660e-01
2.458047698689481e+06 3.878768339717713e-01 -5.986259667140681e-01 -1.354447737121500e-01 6.624478093226897e-01
2.458046267050488e+06 5.031445457647539e-01 -6.714659720071672e-01 -2.612193676021527e-01 7.362613204874566e-01
2.458046270330467e+06 5.028444391349196e-01 -6.712955493923297e-01 -2.611505170982095e-01 7.361141689293125e-01
2.458046273610448e+06 5.025445705473943e-01 -6.711251262704614e-01 -2.610819046365753e-01 7.359626535410074e-01
2.458047192294228e+06 4.250964886469479e-01 -6.237914981843274e-01 -2.421081704420914e-01 6.940167598930438e-01
2.458047196394227e+06 4.247804268592160e-01 -6.235865692975749e-01 -2.420350003085972e-01 6.938326779945789e-01
2.458047200334227e+06 4.244770100058438e-01 -6.233896856903386e-01 -2.419621123605945e-01 6.936561565619492e-01
2.458048831576584e+06 3.163046376932119e-01 -5.455736711144075e-01 -1.375672870477431e-01 6.162146605546752e-01
2.458048832751584e+06 3.162385858317117e-01 -5.455212118731092e-01 -1.375695939152799e-01 6.161683584471270e-01
2.458048834144584e+06 3.161605461625041e-01 -5.454580909396632e-01 -1.375724938901343e-01 6.161123642747933e-01
2.458049083701535e+06 3.024152053392628e-01 -5.342856245058353e-01 -1.289847464506468e-01 6.055309341996060e-01
2.458049088491534e+06 3.021557485318110e-01 -5.340744432825792e-01 -1.289929067951697e-01 6.053415695919999e-01
2.458049093281533e+06 3.018964177237571e-01 -5.338633424415791e-01 -1.290077381237854e-01 6.051542246213741e-01
2.458048086430606e+06 3.617102937268308e-01 -5.799247106401313e-01 -2.263345575164114e-01 6.544046972142649e-01
2.458048093600604e+06 3.612391690567235e-01 -5.795854743254903e-01 -2.262197709018876e-01 6.540950345341716e-01
2.458048100770603e+06 3.607688022810152e-01 -5.792465109286935e-01 -2.261050149612759e-01 6.537846751445602e-01
2.458049874484430e+06 2.620731426873298e-01 -5.009346669107474e-01 -1.361620361222380e-01 5.762854273375217e-01
2.458049875721430e+06 2.620156159085297e-01 -5.008835286409471e-01 -1.361633414836410e-01 5.762401068318947e-01
2.458049877025430e+06 2.619546489852351e-01 -5.008304832440754e-01 -1.361651336913665e-01 5.761925398296197e-01
2.458050858113611e+06 2.190207460583243e-01 -4.625958071564295e-01 -1.303260223540477e-01 5.411763478453875e-01
2.458050863333609e+06 2.188091726922120e-01 -4.624033917627717e-01 -1.303246157186981e-01 5.410028401852930e-01
2.458050868543609e+06 2.185982688870877e-01 -4.622114680383447e-01 -1.303267875264232e-01 5.408269153123426e-01
2.458050739764658e+06 2.238265669641153e-01 -4.670154082500454e-01 -1.357710700983868e-01 5.456507328849688e-01
2.458051510253070e+06 1.942536309317786e-01 -4.390785166909118e-01 -1.361635465494317e-01 5.204069328430305e-01
2.458051515977070e+06 1.940437728904518e-01 -4.388786591999195e-01 -1.361584010849551e-01 5.202245286445583e-01
2.458051527348068e+06 1.936271617941129e-01 -4.384820948128441e-01 -1.361484517043341e-01 5.198626284356821e-01
2.458051739295288e+06 1.860632285108993e-01 -4.311970979622175e-01 -1.303835892696454e-01 5.127294752299790e-01
2.458051744804287e+06 1.858675398756611e-01 -4.310095560502103e-01 -1.303830866224234e-01 5.125586109086020e-01
2.458050100871870e+06 2.514984360798961e-01 -4.917417627114916e-01 -1.987007717660208e-01 5.734226868911451e-01
2.458050112742023e+06 2.509524134955901e-01 -4.912708106237394e-01 -1.985649015559367e-01 5.729905198978816e-01
2.458050124562023e+06 2.504101929641018e-01 -4.908025560991205e-01 -1.984357422807221e-01 5.725518390078105e-01
2.458050137122021e+06 2.498412594398054e-01 -4.903139788987191e-01 -1.983009594078629e-01 5.720991380198113e-01
2.458050146792020e+06 2.493960533317253e-01 -4.899241634254791e-01 -1.981931836218377e-01 5.717408354358433e-01
2.458050149452019e+06 2.492749137326610e-01 -4.898191258213257e-01 -1.981687643521555e-01 5.716450092916310e-01
2.458050149727019e+06 2.492668402655985e-01 -4.898158108231375e-01 -1.981679630903097e-01 5.716315132061395e-01
2.458050152242020e+06 2.491479385034127e-01 -4.897089899694551e-01 -1.981414183343760e-01 5.715479634091504e-01
2.458051710160024e+06 1.869646066601454e-01 -4.322881771487450e-01 -1.360657151283158e-01 5.141416949988735e-01
2.458052346700205e+06 1.657294248330939e-01 -4.113219384403708e-01 -1.350639898755525e-01 4.948849093300916e-01
2.458052367120201e+06 1.650887615512120e-01 -4.106702965616265e-01 -1.350603717706187e-01 4.942865969562693e-01
2.458052373860200e+06 1.648777454566602e-01 -4.104554297590060e-01 -1.350595224068296e-01 4.940906378872120e-01
2.458052609260179e+06 1.576118028438801e-01 -4.030103507192631e-01 -1.300710163017639e-01 4.868619311933483e-01
2.458052610966179e+06 1.575600826167076e-01 -4.029569748721997e-01 -1.300688925141693e-01 4.868128217066787e-01
2.458052612672178e+06 1.575083672097218e-01 -4.029036068082914e-01 -1.300704096493697e-01 4.867640593727409e-01
2.458052502552869e+06 1.609155066479293e-01 -4.063459695139281e-01 -1.343963194946552e-01 4.902840407487233e-01
2.458052504258869e+06 1.608627806712909e-01 -4.062919752305331e-01 -1.343958806735250e-01 4.902341673816177e-01
2.458052505963868e+06 1.608100896542753e-01 -4.062380211245878e-01 -1.343946041473914e-01 4.901843341919618e-01
2.458052525312866e+06 1.602124023439624e-01 -4.056263377954797e-01 -1.343854564052312e-01 4.896229745229529e-01
2.458052527018865e+06 1.601597271890164e-01 -4.055724603612831e-01 -1.343861592365758e-01 4.895725392658922e-01
2.458050999237179e+06 2.134593450830542e-01 -4.573816523469428e-01 -1.891999957008351e-01 5.415128248709239e-01
2.458051000904179e+06 2.133932088107051e-01 -4.573200909643277e-01 -1.891840376444813e-01 5.414556268114388e-01
2.458051004758178e+06 2.132395106262973e-01 -4.571794740958675e-01 -1.891452403024974e-01 5.413242214029196e-01
2.458051006413178e+06 2.131735428582330e-01 -4.571191135446412e-01 -1.891287235299066e-01 5.412677393611423e-01
2.458052593819423e+06 1.580437814571632e-01 -4.033687149967399e-01 -1.351242631640692e-01 4.877046728196217e-01
2.458052598645423e+06 1.578930958741989e-01 -4.032180167968427e-01 -1.351183671869694e-01 4.875662404058565e-01
2.458052603356421e+06 1.577460806225249e-01 -4.030710123232861e-01 -1.351127963267603e-01 4.874311138674872e-01
2.458052654823189e+06 1.561517289428745e-01 -4.014706901526481e-01 -1.347641734006958e-01 4.859344933432385e-01
2.458052711665433e+06 1.543584712662716e-01 -3.998093897480851e-01 -1.347176994171446e-01 4.843356854221704e-01
2.458052714215432e+06 1.542809956125965e-01 -3.997312380230464e-01 -1.347165819182449e-01 4.842594729518562e-01
2.458052882442187e+06 1.492735864171339e-01 -3.945903910973251e-01 -1.297753497902542e-01 4.791268678587138e-01
2.458052884992186e+06 1.491980748994490e-01 -3.945135702956409e-01 -1.297805597504747e-01 4.790553800075217e-01
2.458052918312180e+06 1.482154721561273e-01 -3.935111711642795e-01 -1.297731597267127e-01 4.781383080840356e-01
2.458052921932180e+06 1.481092744987693e-01 -3.934025571172409e-01 -1.297731362655185e-01 4.780374510558948e-01
2.458052784435172e+06 1.521676626782194e-01 -3.975828533073547e-01 -1.339369714206107e-01 4.822264738922686e-01
2.458052785985171e+06 1.521210359180489e-01 -3.975347308874984e-01 -1.339405228764355e-01 4.821788362860934e-01
2.458052789695171e+06 1.520101126130871e-01 -3.974219709929602e-01 -1.339357737676375e-01 4.820762574788585e-01
2.458052790625170e+06 1.519823232064235e-01 -3.973937123961846e-01 -1.339327098587107e-01 4.820528470188939e-01
2.458052799365169e+06 1.517219629163211e-01 -3.971276183878258e-01 -1.339283311922362e-01 4.818075999988229e-01
2.458052799925169e+06 1.517052730202432e-01 -3.971106151906959e-01 -1.339269129271134e-01 4.817910816153741e-01
2.458052803095169e+06 1.516108405928647e-01 -3.970143845050154e-01 -1.339226558444220e-01 4.817040623896346e-01
2.458052806805169e+06 1.515004175320572e-01 -3.969018032168840e-01 -1.339213158618650e-01 4.816002077477632e-01
2.458053286545230e+06 1.377801071337586e-01 -3.826347498262773e-01 -1.339971059800306e-01 4.685088275338471e-01
2.458053466542892e+06 1.328624930150063e-01 -3.774421454555718e-01 -1.294089227575949e-01 4.633448271703272e-01
2.458053478712890e+06 1.325386533177219e-01 -3.770952087170217e-01 -1.294123322950621e-01 4.630231007431947e-01
2.458053383160856e+06 1.351328695818028e-01 -3.797427187270889e-01 -1.332915472209340e-01 4.658970187423401e-01
2.458053386040857e+06 1.350555435893832e-01 -3.796598740826330e-01 -1.332898521627681e-01 4.658229007441442e-01
2.458053387001857e+06 1.350297498047596e-01 -3.796322342116961e-01 -1.332895110964030e-01 4.657981697552939e-01
2.458053389884855e+06 1.349523934306378e-01 -3.795493259665262e-01 -1.332906945386215e-01 4.657191400195729e-01
2.458053764941638e+06 1.250120402313057e-01 -3.689806973110843e-01 6.153961932907324e+00 4.555616333657119e-01
2.458053781521634e+06 1.245759197004635e-01 -3.685211038258013e-01 6.153963175566243e+00 4.551413097885988e-01
2.458053798321631e+06 1.241355274799146e-01 -3.680559143894088e-01 6.153970871576396e+00 4.547027851046673e-01
2.458052128370062e+06 1.727755580409443e-01 -4.183182602719905e-01 6.103993482476015e+00 5.050800318296720e-01
2.458052160369886e+06 1.717104328957065e-01 -4.172780682068463e-01 6.104255756165331e+00 5.041164403261430e-01
2.458052181463121e+06 1.709903954302897e-01 -4.166107277274675e-01 6.104530443783276e+00 5.035102348519522e-01
2.458052195009119e+06 1.705523125280266e-01 -4.161733641264566e-01 6.104627532982929e+00 5.031022024786485e-01
2.458052197536118e+06 1.704653306950925e-01 -4.160817792452750e-01 6.104587469390726e+00 5.030016000629982e-01
2.458052201236117e+06 1.703444071620026e-01 -4.159624910295917e-01 6.104618944799650e+00 5.028905536798938e-01
2.458053752845615e+06 1.252439596132703e-01 -3.693320035234997e-01 6.149626308121610e+00 4.562639446832505e-01
2.458053764598612e+06 1.249482865766157e-01 -3.690138300831340e-01 6.149686870763609e+00 4.559891135859762e-01
2.458053790259608e+06 1.242948398866890e-01 -3.683061864239585e-01 6.149698109010883e+00 4.553358175404529e-01
2.458053847376766e+06 1.228521310467112e-01 -3.667338751918993e-01 6.149855819189070e+00 4.538719106474899e-01
2.458054276822095e+06 1.122064159814844e-01 -3.551817646338100e-01 6.151034868391474e+00 4.431075738398355e-01
2.458052781988944e+06 1.522890480806077e-01 -3.976023814765772e-01 6.109060008495000e+00 4.858084129902839e-01
2.458052788318943e+06 1.521031785359516e-01 -3.974092200771465e-01 6.109097525053234e+00 4.856244630507943e-01
2.458054335066773e+06 1.108112974494022e-01 -3.535558308508304e-01 6.150368316744655e+00 4.417739827065649e-01
2.458054336877773e+06 1.107688355661860e-01 -3.535084383686821e-01 6.150370054278658e+00 4.417294991065033e-01
2.458054345643771e+06 1.105634948639330e-01 -3.532791260995084e-01 6.150374682116930e+00 4.415186097572117e-01
2.458054347463771e+06 1.105209013219622e-01 -3.532315341405852e-01 6.150376551309688e+00 4.414753811214185e-01
2.458054349293771e+06 1.104780871519172e-01 -3.531836869219298e-01 6.150378641130518e+00 4.414304427848498e-01
2.458054367103767e+06 1.100867835318027e-01 -3.528121183116444e-01 6.150387426756236e+00 4.409769406624569e-01
2.458054535939571e+06 1.061579197782466e-01 -3.484232449021155e-01 6.151199423353913e+00 4.368556844049004e-01
2.458054650353987e+06 1.034331040041724e-01 -3.454525625989952e-01 6.150818280279970e+00 4.341865562114302e-01
2.458054661545984e+06 1.031736689470421e-01 -3.451691398696365e-01 6.150831914800775e+00 4.339234956566781e-01
2.458054677825099e+06 1.028009029780568e-01 -3.447560561460228e-01 6.151061418326991e+00 4.335225322750922e-01
2.458054688890097e+06 1.025457706608180e-01 -3.444766874208388e-01 6.151073658989993e+00 4.332644953518770e-01
2.458055778645677e+06 7.950345963565482e-02 -3.182614302903667e-01 6.152833861448654e+00 4.089453445282243e-01
2.458054184824889e+06 1.143926222805655e-01 -3.575836816583941e-01 6.117780346965846e+00 4.482811706793228e-01
2.458054190803851e+06 1.142457444271577e-01 -3.574235045402375e-01 6.117818868961525e+00 4.481326290895128e-01
2.458054192484841e+06 1.142053572902156e-01 -3.573810087842441e-01 6.117825076733948e+00 4.480911029608816e-01
2.458054197423810e+06 1.140840457592726e-01 -3.572484648711783e-01 6.117862030684377e+00 4.479672856940758e-01
2.458054199497797e+06 1.140342218850015e-01 -3.571956046489837e-01 6.117864585224741e+00 4.479173343539679e-01
2.458054204183768e+06 1.139192037180077e-01 -3.570698549372627e-01 6.117897427472784e+00 4.478017657295502e-01
2.458054215943695e+06 1.136336082624220e-01 -3.567588685542858e-01 6.117963402330827e+00 4.475087174527743e-01
2.458054222683115e+06 1.134700778438795e-01 -3.565810856221182e-01 6.118001850819641e+00 4.473411156079100e-01
2.458054224883115e+06 1.134167550476244e-01 -3.565230821320277e-01 6.118007177061466e+00 4.472889298819928e-01
2.458055059532678e+06 9.434689730855204e-02 -3.352444838139904e-01 6.122763880493166e+00 4.273319336586601e-01
2.458055064892645e+06 9.422911580588417e-02 -3.351138949305731e-01 6.122792213871669e+00 4.272100714215028e-01
2.458055072317600e+06 9.406261314177616e-02 -3.349350683709295e-01 6.122831452944485e+00 4.270428803902058e-01
2.458055077500567e+06 9.395255567140184e-02 -3.348070818156859e-01 6.122860061716432e+00 4.269216812264977e-01
2.458056760836406e+06 6.139918318296784e-02 -2.968344180815193e-01 6.153699375435290e+00 3.891046426839673e-01
2.458056764576406e+06 6.133421013124959e-02 -2.967569140765966e-01 6.153708352506840e+00 3.890324716295368e-01
2.458065028819960e+06 6.253639178497096e+00 -1.724990495017481e-01 -1.291152086315970e-01 2.757677572738471e-01
2.458065049529496e+06 6.253496597614491e+00 -1.722751012631666e-01 -1.290773475041114e-01 2.755627167688288e-01
2.458065072242492e+06 6.253340395328219e+00 -1.720302250299896e-01 -1.290360460602633e-01 2.753396571513017e-01
2.458067626394773e+06 6.238596247118248e+00 -1.466259171148028e-01 -1.188828410035629e-01 2.508671611312076e-01
2.458067821266423e+06 6.237631456769116e+00 -1.448500474315793e-01 -1.179536844599927e-01 2.490980788395195e-01
2.458067827600421e+06 6.237599230603368e+00 -1.447928306955135e-01 -1.179490926740678e-01 2.490461950539459e-01
2.458068588085090e+06 6.234051260436460e+00 -1.380585366419756e-01 -1.180852216699035e-01 2.431491742276842e-01
2.458068595156089e+06 6.234017963582052e+00 -1.379974199602634e-01 -1.180795591953210e-01 2.430929056827831e-01
2.458067095928256e+06 6.241322681334030e+00 -1.515702279239884e-01 -1.256206236168422e-01 2.567204975924733e-01
2.458067100753976e+06 6.241296209014767e+00 -1.515246521778062e-01 -1.256130590311413e-01 2.566788003557401e-01
2.458067103115976e+06 6.241283252946944e+00 -1.515023531603042e-01 -1.256095568301001e-01 2.566589254066438e-01
2.458067105464975e+06 6.241270375923880e+00 -1.514801815856132e-01 -1.256046792327750e-01 2.566386930866771e-01
2.458069630706418e+06 6.229628965905144e+00 -1.292994066178250e-01 -1.174495643948905e-01 2.353460967826815e-01
2.458069639657660e+06 6.229590845691984e+00 -1.292266928281181e-01 -1.174587135156386e-01 2.352859881486835e-01
2.458069663219655e+06 6.229493175258165e+00 -1.290353584674281e-01 -1.174439462212913e-01 2.351150159626001e-01
2.458072765912847e+06 6.219188180846799e+00 -1.057806387718688e-01 -1.154999515916000e-01 2.146383271411666e-01
2.458072769169847e+06 6.219179801385998e+00 -1.057582082640011e-01 -1.154992079462778e-01 2.146187570340174e-01
2.458072772428846e+06 6.219171428631397e+00 -1.057357673391761e-01 -1.154983982851014e-01 2.145990310658066e-01
2.458072775700845e+06 6.219163034184730e+00 -1.057132402405752e-01 -1.154980759862241e-01 2.145793643679244e-01
2.458072092256100e+06 6.221096760811221e+00 -1.105113373474403e-01 -1.191900763900104e-01 2.201719256540237e-01
2.458073670986563e+06 6.216847773752723e+00 -9.966434429751871e-02 -1.149482888146762e-01 2.093279384489249e-01
2.458073674243562e+06 6.216840023519408e+00 -9.964290082138047e-02 -1.149475198983687e-01 2.093094038548733e-01
2.458073677499562e+06 6.216832291347197e+00 -9.962146777900593e-02 -1.149462599888018e-01 2.092908796945854e-01
2.458074612164769e+06 6.214723095707019e+00 -9.358663113109664e-02 -1.144424763722638e-01 2.040746994285976e-01
2.458074648760174e+06 6.214639433595026e+00 -9.335591246706595e-02 -1.144308090919148e-01 2.038803417906501e-01
2.458078650094389e+06 6.208364468926416e+00 -7.017090963730029e-02 -1.123684874612012e-01 1.842075231923145e-01
2.458078655612387e+06 6.208357716543256e+00 -7.014156097607367e-02 -1.123667528996402e-01 1.841835074815801e-01
2.458078661307386e+06 6.208350726132168e+00 -7.011128184791761e-02 -1.123640530896299e-01 1.841589976362292e-01
2.458078534104247e+06 6.208489719831239e+00 -7.078871402633193e-02 -1.125080646103012e-01 1.848415203582951e-01
2.458078551107243e+06 6.208468569239284e+00 -7.069774896264146e-02 -1.125008766523612e-01 1.847658269255597e-01
2.458078556327243e+06 6.208461961044232e+00 -7.066988052794967e-02 -1.124979772819712e-01 1.847422248512616e-01
2.458078571832240e+06 6.208442258752457e+00 -7.058715986762817e-02 -1.124909286272713e-01 1.846743394895821e-01
2.458077040568472e+06 6.210425094298397e+00 -7.902663298504589e-02 -1.144699099044457e-01 1.931644271553076e-01
2.458077046829471e+06 6.210409038187351e+00 -7.899285610773400e-02 -1.144727615269661e-01 1.931400556634092e-01
2.458077053091469e+06 6.210390141317567e+00 -7.895915548212235e-02 -1.144770629918215e-01 1.931092154385161e-01
2.458077059353468e+06 6.210371251100851e+00 -7.892546650676983e-02 -1.144791167261285e-01 1.930728115065494e-01
2.458077065614467e+06 6.210352370546068e+00 -7.889179455518817e-02 -1.144731079745807e-01 1.930338066044756e-01
2.458078665823016e+06 6.208296636926182e+00 -7.011088390038314e-02 -1.123832677122278e-01 1.843095706689922e-01
2.458078681801127e+06 6.208299767895094e+00 -7.001832157270016e-02 -1.124051609706003e-01 1.842263167639865e-01
2.458078688062126e+06 6.208301862717337e+00 -6.998188456491844e-02 -1.124303814054315e-01 1.841926431941872e-01
2.458078694324125e+06 6.208303957167572e+00 -6.994545384138773e-02 -1.124532743625855e-01 1.841535459954103e-01
2.458078700585123e+06 6.208306050575447e+00 -6.990904103235988e-02 -1.124680214075386e-01 1.841118002358903e-01
2.458079713057762e+06 6.207286179260050e+00 -6.466414807171944e-02 -1.119297155215575e-01 1.797798599181472e-01
2.458079736354758e+06 6.207268011215855e+00 -6.454568234396936e-02 -1.119252919452212e-01 1.796822896600530e-01
2.458078174278354e+06 6.208864346757355e+00 -7.275299084030439e-02 -1.135353719545806e-01 1.879118026229828e-01
2.458078197735434e+06 6.208839292697631e+00 -7.262627159619145e-02 -1.135239896406652e-01 1.878059788485257e-01
2.458078221402430e+06 6.208814937210820e+00 -7.249835859795351e-02 -1.135131604555566e-01 1.876997855032014e-01
2.458080020569961e+06 6.207047721904473e+00 -6.309576996650566e-02 -1.117887057158837e-01 1.785196778700148e-01
2.458080026831960e+06 6.207046683797796e+00 -6.306041815617595e-02 -1.118043936812043e-01 1.784920830785827e-01
2.458078448718420e+06 6.208554140284265e+00 -7.126053032827352e-02 -1.133323577863843e-01 1.866937951358280e-01
2.458078454980384e+06 6.208546238578835e+00 -7.122393028562232e-02 -1.133425638719441e-01 1.866539953228815e-01
2.458078461241348e+06 6.208542093547488e+00 -7.118882547980805e-02 -1.133485272058481e-01 1.866140908616243e-01
2.458080504639873e+06 6.206713450573881e+00 -6.065940338059569e-02 -1.116494749292016e-01 1.765579923592791e-01
2.458080700904569e+06 6.206575278836670e+00 -5.969113382757658e-02 -1.115243204393304e-01 1.756198782172251e-01
2.458080744102688e+06 6.206514177522489e+00 -5.950599275474817e-02 -1.115099794046914e-01 1.756013676065940e-01
2.458080758064685e+06 6.206507055274462e+00 -5.943748893910463e-02 -1.115083840326294e-01 1.755459537603404e-01
2.458081005293556e+06 6.206365734843545e+00 -5.823042784671192e-02 -1.113973886974664e-01 1.744184021116496e-01
2.458099555445933e+06 6.218336429836971e+00 1.138888365241163e-02 -1.058023628782978e-01 1.241003474407547e-01
2.458099561706931e+06 6.218345773974105e+00 1.140490200866457e-02 -1.058092344656583e-01 1.240874318920607e-01
2.458099567968930e+06 6.218355117648981e+00 1.142091956563871e-02 -1.058198144154217e-01 1.240763594346340e-01
2.458098063914001e+06 6.216136502071963e+00 6.845369109566801e-03 -1.036020715030288e-01 1.286592790586587e-01
2.458098070174975e+06 6.216140542414558e+00 6.865846160034268e-03 -1.036027666312256e-01 1.286485952445496e-01
2.458120786025262e+06 1.681639229009398e+00 4.083194239888616e-01 4.478523709683362e+00 -2.464334939189563e-01
2.458120792287263e+06 1.682233479964944e+00 4.089222246504405e-01 4.477941312422319e+00 -2.470226713160961e-01
2.458120974118904e+06 1.687053659392316e+00 4.057860555078140e-01 4.473129350586841e+00 -2.438736546109202e-01
2.458120980380904e+06 1.686187523019664e+00 4.059110215289548e-01 4.474003268219075e+00 -2.439881001751807e-01
2.458120986641904e+06 1.685322682973406e+00 4.060355156163908e-01 4.474878071186479e+00 -2.441051281319278e-01
2.458119371002825e+06 1.659220610242928e+00 4.080375545271677e-01 4.501286303756581e+00 -2.459735523921909e-01
2.458119377665719e+06 1.659846988414974e+00 4.076637082996274e-01 4.500671706556986e+00 -2.455860344188433e-01
2.458119383926718e+06 1.658751009956627e+00 4.074064073954637e-01 4.501776120773386e+00 -2.453159344334983e-01
2.458119390188718e+06 1.657657667671204e+00 4.071492327246766e-01 4.502877171596337e+00 -2.450482877871993e-01
2.458119396449718e+06 1.656567303330259e+00 4.068922682962714e-01 4.503977353414324e+00 -2.447840026722093e-01
