2.458044973779722e+06 5.234145350004051e-01 3.667188564858474e-02
2.458045000698722e+06 5.198842176195192e-01 3.704123669971578e-02
2.458045897950722e+06 4.141799784342067e-01 4.801189416667700e-02
2.458045909170722e+06 4.129699636770961e-01 4.813358606150346e-02
2.458045920485722e+06 4.117526029895317e-01 4.825591400125216e-02
2.458045931856722e+06 4.105322102376964e-01 4.837844909724719e-02
2.458046441734722e+06 3.594121186585305e-01 5.349306927144724e-02
2.458046444701722e+06 3.591277998752028e-01 5.352108836315756e-02
2.458048872215722e+06 1.787371514964326e-01 7.064109024627643e-02
2.458048873390722e+06 1.786687707055207e-01 7.064718523723137e-02
2.458048874783722e+06 1.785877235070452e-01 7.065440835248377e-02
2.458049885111723e+06 1.259114099092807e-01 7.535116905647220e-02
2.458049886348723e+06 1.258519970799422e-01 7.535631172710530e-02
2.458049887652723e+06 1.257893823018754e-01 7.536173099961350e-02
2.458051545258723e+06 5.809054424731842e-02 8.132830956188279e-02
2.458051550982723e+06 5.788564274425652e-02 8.134572538417348e-02
2.458051562353723e+06 5.747905658938380e-02 8.138024536907290e-02
2.458051612888723e+06 5.568003243125200e-02 8.153231026897141e-02
2.458051618397722e+06 5.548477870555266e-02 8.154875428302695e-02
2.458052634549723e+06 2.291957658692776e-02 8.433567322945447e-02
2.458052639375723e+06 2.277480590254232e-02 8.434779193557798e-02
2.458052644086723e+06 2.263361306684047e-02 8.435960704882979e-02
2.458052685852723e+06 2.138753536440991e-02 8.446367117355742e-02
2.458053770127723e+06 6.275520422953052e+00 8.689954579411717e-02
2.458053783673723e+06 6.275179519285980e+00 8.692868774211074e-02
2.458053805353723e+06 6.274635009927910e+00 8.697511055429225e-02
2.458053831014723e+06 6.273992479127798e+00 8.702969767547296e-02
2.458053882622723e+06 6.272708093890461e+00 8.713830924939045e-02
2.458072806818726e+06 6.103688240368075e+00 1.088576460423101e-01
2.458072810075726e+06 6.103680594468879e+00 1.088605178188162e-01
2.458072813334726e+06 6.103672952954930e+00 1.088633899647705e-01
2.458072816606726e+06 6.103665290341710e+00 1.088662721689253e-01
2.458073708282726e+06 6.101906401330279e+00 1.096605769336063e-01
2.458073711540726e+06 6.101899661976290e+00 1.096635013118667e-01
2.458073714797726e+06 6.101892924839284e+00 1.096664233791691e-01
2.458073718053726e+06 6.101886190185718e+00 1.096693431197562e-01
2.458078527740728e+06 6.095995991948628e+00 1.140371273898092e-01
2.458078533258728e+06 6.095991411504179e+00 1.140421686534310e-01
2.458078538953728e+06 6.095986697856869e+00 1.140473678682580e-01
2.458078544722727e+06 6.095981939499173e+00 1.140526311489366e-01
2.458078561725728e+06 6.095968023894642e+00 1.140681235561901e-01
2.458078566945727e+06 6.095963787798642e+00 1.140728739103780e-01
2.458078582450727e+06 6.095951305994490e+00 1.140869642290749e-01
2.458079723647728e+06 6.095356399265335e+00 1.151154962267675e-01
2.458079746944728e+06 6.095342389852439e+00 1.151371025937703e-01
2.458079770237728e+06 6.095328544842654e+00 1.151586385626285e-01
2.458079793488728e+06 6.095314973960623e+00 1.151800706697899e-01
2.458079817155728e+06 6.095301509326434e+00 1.152018247796810e-01
2.458080539740728e+06 6.095064125891784e+00 1.158990671760526e-01
2.458080571410728e+06 6.095050769193526e+00 1.159284283364160e-01
2.458080775137728e+06 6.095004285157943e+00 1.160954555508798e-01
2.458080789099728e+06 6.094998761284345e+00 1.161084421434468e-01
2.458080874757728e+06 6.094967996891552e+00 1.161876853733997e-01
