2.458044973779722e+06 5.234140615858296e-01 3.667140380186153e-02 1.353745385619908e+08 5.865844644849347e+07 2.540704220199880e+07
2.458045000698722e+06 5.198847149500601e-01 3.704233474927843e-02 1.353433306382472e+08 5.871655159512260e+07 2.543192522400036e+07
2.458045897950722e+06 4.141785579148419e-01 4.801153517259035e-02 1.343124727388810e+08 6.061937004866881e+07 2.625811729787186e+07
2.458045909170722e+06 4.129711536827130e-01 4.813322340654884e-02 1.342992305873619e+08 6.064351729937390e+07 2.626840974502235e+07
2.458045920485722e+06 4.117519684781331e-01 4.825578430513332e-02 1.342858425443683e+08 6.066785707042453e+07 2.627878839406457e+07
2.458045931856722e+06 4.105312561104576e-01 4.837703620677882e-02 1.342723548447348e+08 6.069230319548870e+07 2.628921745303019e+07
2.458046441734722e+06 3.594134712016402e-01 5.349346890900020e-02 1.336704519436262e+08 6.176503158629995e+07 2.675656624941465e+07
2.458046444701722e+06 3.591284007571456e-01 5.352139417703211e-02 1.336669337984161e+08 6.177138478476898e+07 2.675927529114354e+07
2.458048872215722e+06 1.787373506454688e-01 7.064098944026771e-02 1.306579913434246e+08 6.683034750872744e+07 2.895075515170528e+07
2.458048873390722e+06 1.786689919164318e-01 7.064714657401780e-02 1.306564711665744e+08 6.683281147281496e+07 2.895180431611794e+07
2.458048874783722e+06 1.785880522723698e-01 7.065427333513011e-02 1.306546684625290e+08 6.683573247948017e+07 2.895304812114845e+07
2.458049885111723e+06 1.259111065650918e-01 7.535076042677441e-02 1.293335142466192e+08 6.890676012769596e+07 2.985068295254250e+07
2.458049886348723e+06 1.258522744248887e-01 7.535657819094771e-02 1.293318604246438e+08 6.890932766073917e+07 2.985177646499639e+07
2.458049887652723e+06 1.257895152938686e-01 7.536205658554425e-02 1.293301165797938e+08 6.891203412233566e+07 2.985292919134655e+07
2.458051545258723e+06 5.809008438234686e-02 8.132841615211878e-02 1.270765013189402e+08 7.225931567985027e+07 3.130091467278192e+07
2.458051550982723e+06 5.788537180549673e-02 8.134586944463872e-02 1.270686093025622e+08 7.227098213718836e+07 3.130588723946853e+07
2.458051562353723e+06 5.747871008977880e-02 8.138053362283804e-02 1.270529064695779e+08 7.229416301883669e+07 3.131576460533804e+07
2.458051612888723e+06 5.567963924125399e-02 8.153237726776155e-02 1.269827068014282e+08 7.239721261055963e+07 3.135964748429818e+07
2.458051618397722e+06 5.548445325323773e-02 8.154905485839173e-02 1.269750127729447e+08 7.240844429750894e+07 3.136442992053471e+07
2.458052634549723e+06 2.291951829309402e-02 8.433595782288178e-02 1.255388661851996e+08 7.443239762795575e+07 3.224162396832484e+07
2.458052639375723e+06 2.277472868722951e-02 8.434822360901385e-02 1.255319129088114e+08 7.444212397159339e+07 3.224576644086241e+07
2.458052644086723e+06 2.263328429576467e-02 8.436010154420102e-02 1.255251194608626e+08 7.445161679737701e+07 3.224980999361256e+07
2.458052685852723e+06 2.138755554217866e-02 8.446380319059035e-02 1.254646451766590e+08 7.453567824480431e+07 3.228564959149741e+07
2.458053770127723e+06 6.275520839213566e+00 8.689950712448467e-02 1.238879282035114e+08 7.666251911142658e+07 3.321485636953432e+07
2.458053783673723e+06 6.275179845510955e+00 8.692883835219180e-02 1.238681250636089e+08 7.668946648715141e+07 3.322633134843219e+07
2.458053805353723e+06 6.274635157340224e+00 8.697528350284209e-02 1.238363295543563e+08 7.673261289109308e+07 3.324469307003734e+07
2.458053831014723e+06 6.273992948897572e+00 8.702963111649448e-02 1.237985305473706e+08 7.678369249021111e+07 3.326642064260453e+07
2.458053882622723e+06 6.272707950235781e+00 8.713803545559055e-02 1.237219646458209e+08 7.688635701658581e+07 3.331009880489557e+07
2.458072806818726e+06 6.103688229255199e+00 1.088576883692978e-01 8.962488790650801e+07 1.090653746250382e+08 4.726054125050505e+07
2.458072810075726e+06 6.103680593439720e+00 1.088605487700163e-01 8.961804340989260e+07 1.090701146949154e+08 4.726254336406337e+07
2.458072813334726e+06 6.103673030346296e+00 1.088632637266305e-01 8.961119192887042e+07 1.090748568755957e+08 4.726454655942845e+07
2.458072816606726e+06 6.103664958198506e+00 1.088661241273491e-01 8.960431033343285e+07 1.090796171224099e+08 4.726655759955115e+07
2.458073708282726e+06 6.101906684421211e+00 1.096605883065833e-01 8.772461282529888e+07 1.103266647270654e+08 4.780883162903683e+07
2.458073711540726e+06 6.101899484938047e+00 1.096635941514062e-01 8.771775885482056e+07 1.103312984038485e+08 4.781079177505390e+07
2.458073714797726e+06 6.101892503621039e+00 1.096665030334928e-01 8.771090440280841e+07 1.103359313503334e+08 4.781275117121276e+07
2.458073718053726e+06 6.101886031358395e+00 1.096694119155795e-01 8.770404945169404e+07 1.103405635214459e+08 4.781470981899733e+07
2.458078527740728e+06 6.095995981465215e+00 1.140366135550142e-01 7.720882685971409e+07 1.166194819509515e+08 5.053069060301935e+07
2.458078533258728e+06 6.095990963643616e+00 1.140419465055064e-01 7.719645733836754e+07 1.166264112639445e+08 5.053361083212171e+07
2.458078538953728e+06 6.095986673042538e+00 1.140477157883116e-01 7.718368321436657e+07 1.166335615829037e+08 5.053662425082786e+07
2.458078544722727e+06 6.095981655220938e+00 1.140528063319632e-01 7.717073500271651e+07 1.166408032367200e+08 5.053967632416403e+07
2.458078561725728e+06 6.095967692586923e+00 1.140680779629182e-01 7.713252548845540e+07 1.166621348545224e+08 5.054866879401933e+07
2.458078566945727e+06 6.095963983762261e+00 1.140723443233119e-01 7.712078096252199e+07 1.166686794940617e+08 5.055142864880368e+07
2.458078582450727e+06 6.095951330125185e+00 1.140871796219539e-01 7.708585782980502e+07 1.166881044861235e+08 5.055962383017045e+07
2.458079723647728e+06 6.095356463738493e+00 1.151157118464278e-01 7.451163535060143e+07 1.180522656230703e+08 5.115774382325036e+07
2.458079746944728e+06 6.095342719270634e+00 1.151366073160836e-01 7.445891149926901e+07 1.180805593158999e+08 5.116963537295590e+07
2.458079770237728e+06 6.095328974802774e+00 1.151588117826784e-01 7.440605586179656e+07 1.181088412631259e+08 5.118151659027519e+07
2.458079793488728e+06 6.095315303056966e+00 1.151797072523342e-01 7.435315461149286e+07 1.181370464773632e+08 5.119336811539619e+07
2.458079817155728e+06 6.095301776755264e+00 1.152014269052479e-01 7.429916463997327e+07 1.181657105918525e+08 5.120542319129085e+07
2.458080539740728e+06 6.095063975644679e+00 1.158985889786834e-01 7.265186185539415e+07 1.190032239502723e+08 5.156399803477067e+07
2.458080571410728e+06 6.095050958397340e+00 1.159287443896485e-01 7.257918825740999e+07 1.190406541634239e+08 5.157975492907059e+07
2.458080775137728e+06 6.095004198117797e+00 1.160953748518458e-01 7.211316850575849e+07 1.192725025573710e+08 5.168595902538466e+07
2.458080789099728e+06 6.094998671241832e+00 1.161084648212358e-01 7.208107993031760e+07 1.192889299773927e+08 5.169285546659908e+07
2.458080874757728e+06 6.094968346146079e+00 1.161879742649377e-01 7.188316849273114e+07 1.193892269256850e+08 5.173509964602652e+07
