2017 10 18.472979 01 59 57.460  02 06 04.02 203.74409 0.936241  0.351543 0.203852   0.276870   0.2999400
2017 10 18.499898 01 59 08.928  02 07 20.53 203.74409 0.936241  0.351543 0.203852   0.276870   0.2999400
2017 10 19.397150 01 34 55.364  02 45 03.09 203.74409 0.936241  0.351543 0.201228   0.273719   0.2971914
2017 10 19.408370 01 34 38.761  02 45 28.19 203.74409 0.936241  0.351543 0.201228   0.273719   0.2971914
2017 10 19.419685 01 34 21.996  02 45 53.47 203.74409 0.936241  0.351543 0.201228   0.273719   0.2971914
2017 10 19.431056 01 34 05.210  02 46 18.48 203.74409 0.936241  0.351543 0.201228   0.273719   0.2971914
2017 10 19.940934 01 22 22.290  03 03 53.82 343.48817 0.881463  0.471461 0.201228   0.273719   0.2971914
2017 10 19.943901 01 22 18.370  03 03 59.58 343.48817 0.881463  0.471461 0.201228   0.273719   0.2971914
2017 10 22.371415 00 40 57.815  04 02 50.75 204.5278  0.94171   0.33725  0.197301   0.269564   0.2933902
2017 10 22.372590 00 40 56.875  04 02 52.02 204.5278  0.94171   0.33725  0.197301   0.269564   0.2933902 
2017 10 22.373983 00 40 55.762  04 02 53.49 204.5278  0.94171   0.33725  0.197301   0.269564   0.2933902 
2017 10 23.384311 00 28 51.402  04 19 02.21 204.5278  0.94171   0.33725  0.196020   0.268412   0.2923027
2017 10 23.385548 00 28 50.593  04 19 03.41 204.5278  0.94171   0.33725  0.196020   0.268412   0.2923027
2017 10 23.386852 00 28 49.730  04 19 04.54 204.5278  0.94171   0.33725  0.196020   0.268412   0.2923027
2017 10 25.044458 00 13 18.796  04 39 35.19 289.59569 0.909943 -0.414336 0.192750   0.265653   0.2904360
2017 10 25.050182 00 13 15.981  04 39 38.79 289.59569 0.909943 -0.414336 0.192750   0.265653   0.2904360
2017 10 25.061553 00 13 10.389  04 39 45.94 289.59569 0.909943 -0.414336 0.192750   0.265653   0.2904360
2017 10 25.112088 00 12 45.650  04 40 17.26 289.59569 0.909943 -0.414336 0.192750   0.265653   0.2904360
2017 10 25.117597 00 12 42.966  04 40 20.70 289.59569 0.909943 -0.414336 0.192750   0.265653   0.2904360
2017 10 26.133749 00 05 15.166  04 49 55.54 289.59569 0.909943 -0.414336 0.190522   0.264053   0.2896147
2017 10 26.138575 00 05 13.175  04 49 58.07 289.59569 0.909943 -0.414336 0.190522   0.264053   0.2896147
2017 10 26.143286 00 05 11.230  04 50 00.52 289.59569 0.909943 -0.414336 0.190522   0.264053   0.2896147
2017 10 26.185052 00 04 54.100  04 50 21.91 289.59569 0.909943 -0.414336 0.190522   0.264053   0.2896147
2017 10 27.269327 23 58 14.606  04 58 44.31 204.5278  0.94171   0.33725  0.188640   0.262493   0.2887939
2017 10 27.282873 23 58 09.917  04 58 50.36 204.5278  0.94171   0.33725  0.188640   0.262493   0.2887939
2017 10 27.304553 23 58 02.427  04 58 59.94 204.5278  0.94171   0.33725  0.188640   0.262493   0.2887939
2017 10 27.330214 23 57 53.596  04 59 11.15 204.5278  0.94171   0.33725  0.188640   0.262493   0.2887939
2017 10 27.381822 23 57 35.926  04 59 33.51 204.5278  0.94171   0.33725  0.188640   0.262493   0.2887939
2017 11 15.306018 23 18 51.738  06 14 13.51 204.5278  0.94171   0.33725  0.160062   0.244625   0.2648310  
2017 11 15.309275 23 18 51.633  06 14 14.10 204.5278  0.94171   0.33725  0.160062   0.244625   0.2648310
2017 11 15.312534 23 18 51.529  06 14 14.66 204.5278  0.94171   0.33725  0.160062   0.244625   0.2648310
2017 11 15.315806 23 18 51.418  06 14 15.25 204.5278  0.94171   0.33725  0.160062   0.244625   0.2648310
2017 11 16.207482 23 18 27.240  06 16 59.12 204.5278  0.94171   0.33725  0.158441   0.244147   0.2634238
2017 11 16.210740 23 18 27.141  06 16 59.74 204.5278  0.94171   0.33725  0.158441   0.244147   0.2634238
2017 11 16.213997 23 18 27.045  06 17 00.34 204.5278  0.94171   0.33725  0.158441   0.244147   0.2634238
2017 11 16.217253 23 18 26.956  06 17 00.94 204.5278  0.94171   0.33725  0.158441   0.244147   0.2634238
2017 11 21.026940 23 17 05.962  06 32 01.74 289.2980  0.87559  -0.48217  0.145643   0.239916   0.2584099
2017 11 21.032458 23 17 05.893  06 32 02.84 289.2980  0.87559  -0.48217  0.145643   0.239916   0.2584099
2017 11 21.038153 23 17 05.834  06 32 04.03 289.2980  0.87559  -0.48217  0.145643   0.239916   0.2584099
2017 11 21.043922 23 17 05.765  06 32 05.08 289.2980  0.87559  -0.48217  0.145643   0.239916   0.2584099
2017 11 21.060925 23 17 05.573  06 32 08.23 289.2980  0.87559  -0.48217  0.145643   0.239916   0.2584099
2017 11 21.066145 23 17 05.522  06 32 09.11 289.2980  0.87559  -0.48217  0.145643   0.239916   0.2584099
2017 11 21.081650 23 17 05.348  06 32 12.17 289.2980  0.87559  -0.48217  0.145643   0.239916   0.2584099
2017 11 22.222847 23 16 57.168  06 35 44.32 204.5278 0.94171  0.33725    0.143796   0.239140   0.2577664
2017 11 22.246144 23 16 56.979  06 35 48.63 204.5278 0.94171  0.33725    0.143796   0.239140   0.2577664
2017 11 22.269437 23 16 56.790  06 35 53.21 204.5278 0.94171  0.33725    0.143796   0.239140   0.2577664
2017 11 22.292688 23 16 56.602  06 35 57.52 204.5278 0.94171  0.33725    0.143796   0.239140   0.2577664
2017 11 22.316355 23 16 56.416  06 36 02.00 204.5278 0.94171  0.33725    0.143796   0.239140   0.2577664
2017 11 23.038940 23 16 53.146  06 38 25.80 289.2980 0.87559 -0.48217    0.141993   0.238659   0.2571255
2017 11 23.070610 23 16 52.967  06 38 32.02 289.2980 0.87559 -0.48217    0.141993   0.238659   0.2571255
2017 11 23.274337 23 16 52.324  06 39 06.39 204.5278 0.94171  0.33725    0.141993   0.238659   0.2571255
2017 11 23.288299 23 16 52.248  06 39 09.09 204.5278 0.94171  0.33725    0.141993   0.238659   0.2571255
2017 11 23.373957 23 16 51.831  06 39 25.49 204.5278 0.94171  0.33725    0.141993   0.238659   0.2571255