2.458040940160722e+06 1.261942135141466e+00 -2.624102530373474e-02 1.396262404817195e+08 4.987257375859243e+07 2.159931312310470e+07
2.458043874710715e+06 6.840025332823427e-01 1.928443379349401e-02 1.365895629830695e+08 5.630580708491505e+07 2.438774803791079e+07
2.458043371111559e+06 5.234140615858296e-01 3.667140380186153e-02 1.371375728948975e+08 5.521566042665454e+07 2.391607713829044e+07
2.458043371112559e+06 5.234127525888906e-01 3.667276128016862e-02 1.371375718355338e+08 5.521566254918025e+07 2.391607807455463e+07
2.458044960039418e+06 5.198847149500601e-01 3.704233474927843e-02 1.353915387443275e+08 5.862490021606653e+07 2.539433826271281e+07
2.458044960041417e+06 5.198834059531211e-01 3.704068638276266e-02 1.353915364799270e+08 5.862490440629143e+07 2.539434011168205e+07
2.458044282861741e+06 4.141784124707376e-01 4.801206846763957e-02 1.361473797897547e+08 5.718028106886909e+07 2.476657521650831e+07
2.458044282861741e+06 4.141785579148419e-01 4.801153517259035e-02 1.361473797897547e+08 5.718028106886909e+07 2.476657521650831e+07
2.458044294081741e+06 4.129699901298783e-01 4.813346581338939e-02 1.361351628992060e+08 5.720395783348774e+07 2.477699561143192e+07
2.458044294081741e+06 4.129711536827130e-01 4.813322340654884e-02 1.361351628992060e+08 5.720395783348774e+07 2.477699561143192e+07
2.458045879924772e+06 4.117484778196290e-01 4.825617215607821e-02 1.343331882944959e+08 6.058222864821812e+07 2.624158130955154e+07
2.458045879929772e+06 4.117519684781331e-01 4.825578430513332e-02 1.343331825361247e+08 6.058223906192101e+07 2.624158589784743e+07
2.458045891300772e+06 4.105312561104576e-01 4.837703620677882e-02 1.343200722576153e+08 6.060591674528898e+07 2.625202100701418e+07
2.458045891304772e+06 4.105286381165796e-01 4.837902394287137e-02 1.343200676407501e+08 6.060592507247462e+07 2.625202467782183e+07
2.458046342253929e+06 3.670929199104069e-01 5.268712679457882e-02 1.337870667541461e+08 6.155880138502164e+07 2.666711912169437e+07
2.458046344783929e+06 3.668296660815624e-01 5.270215601869322e-02 1.337836348733246e+08 6.156408388186451e+07 2.666979858419996e+07
2.458046345033929e+06 3.668136672300856e-01 5.270458008709877e-02 1.337833421924379e+08 6.156460565316566e+07 2.667002710969324e+07
2.458046345783929e+06 3.667416723984402e-01 5.271524598808316e-02 1.337824640986732e+08 6.156617093114052e+07 2.667071268617308e+07
2.458046346453929e+06 3.666798586540983e-01 5.272979039851645e-02 1.337821498180523e+08 6.156755492201345e+07 2.667095834919922e+07
2.458046350583929e+06 3.662784329261713e-01 5.277051474772966e-02 1.337773121531615e+08 6.157616094652038e+07 2.667473358951560e+07
2.458044828487688e+06 3.594134712016402e-01 5.349346890900020e-02 1.355392473296706e+08 5.834228268992750e+07 2.527344456074127e+07
2.458044828487688e+06 3.594133257575359e-01 5.349317802079153e-02 1.355392473296706e+08 5.834228268992750e+07 2.527344456074127e+07
2.458044831454671e+06 3.591284007571456e-01 5.352139417703211e-02 1.355358706916892e+08 5.834852453329962e+07 2.527619180267897e+07
2.458044831454671e+06 3.591285462012499e-01 5.352134569566400e-02 1.355358706916892e+08 5.834852453329962e+07 2.527619180267897e+07
2.458046662599686e+06 3.379735557819362e-01 5.559746332227937e-02 1.333958794208837e+08 6.223272050089591e+07 2.695845346157678e+07
2.458046663579686e+06 3.378826532167274e-01 5.560618996853933e-02 1.333947180107703e+08 6.223481268889843e+07 2.695934700879464e+07
2.458046664579685e+06 3.377910234309970e-01 5.561443180111820e-02 1.333935330954044e+08 6.223694749494182e+07 2.696025879138376e+07
2.458046665559685e+06 3.377015753068316e-01 5.562267363369706e-02 1.333923720701794e+08 6.223903952688090e+07 2.696115233860104e+07
2.458047693631513e+06 2.528036699461947e-01 6.378645120990054e-02 1.321383318267983e+08 6.439185031533375e+07 2.789368671205413e+07
2.458047696151513e+06 2.526189559336905e-01 6.380390450242049e-02 1.321352667806223e+08 6.439716489920320e+07 2.789596301857360e+07
2.458047698691513e+06 2.524320602596213e-01 6.382184260862153e-02 1.321321784246334e+08 6.440252072352316e+07 2.789825739073187e+07
2.458046267052358e+06 2.419251781626012e-01 6.479534848028949e-02 1.338729166260516e+08 6.140316611023658e+07 2.659726040549265e+07
2.458046270332338e+06 2.416939220367101e-01 6.481861953698274e-02 1.338691495908205e+08 6.141007536299475e+07 2.660026079943701e+07
2.458046273612319e+06 2.414626659108190e-01 6.483752727054602e-02 1.338653822792360e+08 6.141698230644346e+07 2.660326119380457e+07
2.458047192296199e+06 1.829883182048565e-01 7.022526170871629e-02 1.327571906107598e+08 6.334645196743745e+07 2.744008143095754e+07
2.458047196396199e+06 1.827454265506188e-01 7.024610869700400e-02 1.327523157579107e+08 6.335509493717054e+07 2.744380180983875e+07
2.458047200336199e+06 1.825148976452493e-01 7.026647087161060e-02 1.327476325849594e+08 6.336339757247355e+07 2.744737700336011e+07
2.458048831578761e+06 1.787373506454688e-01 7.064098944026771e-02 1.307090149402856e+08 6.674959303797516e+07 2.891447815228387e+07
2.458048832753761e+06 1.786689919164318e-01 7.064714657401780e-02 1.307075350861942e+08 6.675198134351659e+07 2.891552833920874e+07
2.458048834146761e+06 1.785880522723698e-01 7.065427333513011e-02 1.307057108142160e+08 6.675477716141019e+07 2.891675809577864e+07
2.458049083703746e+06 1.734304588886160e-01 7.124530969377073e-02 1.303823975485878e+08 6.726041236161973e+07 2.913395756997953e+07
2.458049088493746e+06 1.731628417366413e-01 7.126712630942067e-02 1.303760672849923e+08 6.727015458384074e+07 2.913822665230431e+07
2.458049093283745e+06 1.728886795999717e-01 7.129088217979504e-02 1.303697339049894e+08 6.727990067039438e+07 2.914249573422210e+07
2.458048086432685e+06 1.353757362104194e-01 7.447998657413357e-02 1.316469575353819e+08 6.520616939844017e+07 2.824832288581470e+07
2.458048093602685e+06 1.350193981548360e-01 7.450956020868126e-02 1.316380182443527e+08 6.522126679937429e+07 2.825477454452971e+07
2.458048100772685e+06 1.346637873197393e-01 7.453816421586672e-02 1.316290886000774e+08 6.523636106248729e+07 2.826122620323145e+07
2.458049874486752e+06 1.259111065650918e-01 7.535076042677441e-02 1.293468233846600e+08 6.888700730589709e+07 2.984130591112433e+07
2.458049875723752e+06 1.258522744248887e-01 7.535657819094771e-02 1.293451427600114e+08 6.888945626868771e+07 2.984238444607402e+07
2.458049877027752e+06 1.257895152938686e-01 7.536205658554425e-02 1.293434410241852e+08 6.889207495592178e+07 2.984353753075704e+07
2.458050858116078e+06 8.869472370427658e-02 7.858054068895803e-02 1.280143715474891e+08 7.088336709463747e+07 3.070780260683639e+07
2.458050863336077e+06 8.848455697351393e-02 7.859944842252130e-02 1.280073893138542e+08 7.089402670349836e+07 3.071237314167929e+07
2.458050868546078e+06 8.827148136066458e-02 7.861544727399791e-02 1.280004242286902e+08 7.090466146767914e+07 3.071693492103957e+07
2.458050739767107e+06 8.805549686572856e-02 7.863532463492340e-02 1.281760502927561e+08 7.064465899112527e+07 3.060416666606742e+07
2.458051510255638e+06 5.809008438234686e-02 8.132841615211878e-02 1.271168872055494e+08 7.218620742859805e+07 3.127051464865922e+07
2.458051515979638e+06 5.788537180549673e-02 8.134586944463872e-02 1.271087589219302e+08 7.219779291740808e+07 3.127549103531584e+07
2.458051527350638e+06 5.747871008977880e-02 8.138053362283804e-02 1.270926237295811e+08 7.222082693071492e+07 3.128537686613521e+07
2.458051739297891e+06 5.567963924125399e-02 8.153237726776155e-02 1.267957706735702e+08 7.264644074645919e+07 3.146933616767082e+07
2.458051744806891e+06 5.548445325323773e-02 8.154905485839173e-02 1.267879619386943e+08 7.265762835961652e+07 3.147411483933053e+07
2.458050100874225e+06 5.279766431387530e-02 8.168092417965352e-02 1.290359846948878e+08 6.934784551993750e+07 3.004237727549177e+07
2.458050112744380e+06 5.238751193965335e-02 8.171970927414228e-02 1.290203933274818e+08 6.937232914744046e+07 3.005285151109752e+07
2.458050124564381e+06 5.197445068337963e-02 8.174928290868996e-02 1.290048922591705e+08 6.939669157909542e+07 3.006328148985931e+07
2.458050137124381e+06 5.154030003194256e-02 8.178515912109208e-02 1.289886456864492e+08 6.942229625609002e+07 3.007485953496160e+07
2.458050146794381e+06 5.120286970988763e-02 8.181667201036419e-02 1.289757232952837e+08 6.944234844928831e+07 3.008296660566689e+07
2.458050149454381e+06 5.110614938050550e-02 8.182588347030527e-02 1.289722413961651e+08 6.944781594419412e+07 3.008531279523659e+07
2.458050149729381e+06 5.109887717528880e-02 8.181570238300195e-02 1.289721239054051e+08 6.944819516624841e+07 3.008597747392803e+07
2.458050152244382e+06 5.100652016903669e-02 8.183897343969522e-02 1.289685903210503e+08 6.945354935770993e+07 3.008777364824542e+07
2.458051710162623e+06 5.089889153182952e-02 8.185351785012851e-02 1.268380329403780e+08 7.259593397580607e+07 3.145010291934440e+07
2.458052346702904e+06 3.066543495754135e-02 8.356297088972074e-02 1.259482511778868e+08 7.386199809514675e+07 3.200122090600010e+07
2.458052367122904e+06 3.002838978059323e-02 8.361630039464278e-02 1.259194237875369e+08 7.390201018831626e+07 3.201881233348463e+07
2.458052373862904e+06 2.981822304983056e-02 8.363520812820605e-02 1.259098927106407e+08 7.391521256042285e+07 3.202461871073376e+07
2.458052609262921e+06 2.754078654211624e-02 8.385158047408524e-02 1.255734204212979e+08 7.437718887600620e+07 3.222563703237747e+07
2.458052610968921e+06 2.749119010253834e-02 8.385584683447900e-02 1.255709388690153e+08 7.438052669070646e+07 3.222710260773169e+07
2.458052612674921e+06 2.743795756035209e-02 8.386045256444954e-02 1.255684568618748e+08 7.438386496428673e+07 3.222856818308692e+07
2.458052502555594e+06 2.651918715327405e-02 8.393807123479517e-02 1.257250164075100e+08 7.416497536951971e+07 3.213395312382490e+07
2.458052504261594e+06 2.646689999776597e-02 8.394219215108462e-02 1.257225322753545e+08 7.416832615077984e+07 3.213542007233918e+07
2.458052505966594e+06 2.641548550688389e-02 8.394631306737403e-02 1.257200492508371e+08 7.417167551063935e+07 3.213688616077168e+07
2.458052525315594e+06 2.582694593873117e-02 8.399663672747321e-02 1.256918483443261e+08 7.420972450552426e+07 3.215352390306753e+07
2.458052527021594e+06 2.577356795244059e-02 8.400007890460909e-02 1.256893600489308e+08 7.421308282629474e+07 3.215499085159531e+07
2.458050999239668e+06 2.425934938221906e-02 8.413117252398110e-02 1.278197212140767e+08 7.116445240821652e+07 3.083130819295694e+07
2.458051000906668e+06 2.420917116622382e-02 8.413553584711109e-02 1.278173772209721e+08 7.116783266540791e+07 3.083274948227402e+07
2.458051004760668e+06 2.409427032379994e-02 8.414474730705217e-02 1.278121115806905e+08 7.117573154307565e+07 3.083611805183459e+07
2.458051006415668e+06 2.404481932832638e-02 8.414862581650105e-02 1.278098513497020e+08 7.117912341054650e+07 3.083756459600822e+07
2.458052593822163e+06 2.291951829309402e-02 8.433595782288178e-02 1.255863449889153e+08 7.434788562013969e+07 3.220667226807490e+07
2.458052598648163e+06 2.277472868722951e-02 8.434822360901385e-02 1.255793674079154e+08 7.435760656252342e+07 3.221081814576183e+07
2.458052603359163e+06 2.263328429576467e-02 8.436010154420102e-02 1.255725607778544e+08 7.436709807335851e+07 3.221486523010444e+07
2.458052654825939e+06 2.138755554217866e-02 8.446380319059035e-02 1.254984449853144e+08 7.447047451268868e+07 3.225905003264200e+07
2.458052711668192e+06 1.964077184912702e-02 8.452629567408539e-02 1.254194466070157e+08 7.458814662699041e+07 3.231384248046222e+07
2.458052714218192e+06 1.956441369435166e-02 8.452823492880981e-02 1.254158592784554e+08 7.459324266620225e+07 3.231603002420206e+07
2.458052882444973e+06 1.949823662687968e-02 8.453647676138867e-02 1.251739233845407e+08 7.492573777705900e+07 3.246016429075579e+07
2.458052884994973e+06 1.941751514897429e-02 8.454180971188087e-02 1.251703216632866e+08 7.493082197521187e+07 3.246234770118007e+07
2.458052918314973e+06 1.844231242941466e-02 8.462713691975615e-02 1.251233214292360e+08 7.499715765326813e+07 3.249081685505487e+07
2.458052921934973e+06 1.833613823325082e-02 8.463489393865391e-02 1.251182168118527e+08 7.500434524416050e+07 3.249391497075524e+07
2.458052784437943e+06 1.823069125760866e-02 8.464362058491387e-02 1.253164630774193e+08 7.473286303218322e+07 3.237619483287458e+07
2.458052785987942e+06 1.818051304161342e-02 8.464410539859499e-02 1.253142139498395e+08 7.473595081821635e+07 3.237747646504281e+07
2.458052789697943e+06 1.807433884544958e-02 8.465428648589830e-02 1.253090080235772e+08 7.474332605190483e+07 3.238065762621519e+07
2.458052790627942e+06 1.804961334771280e-02 8.465913462270938e-02 1.253077031708000e+08 7.474517438296489e+07 3.238145505976406e+07
2.458052799367942e+06 1.779363172408491e-02 8.467998161099710e-02 1.252953654111286e+08 7.476248973148333e+07 3.238892922952257e+07
2.458052799927942e+06 1.777836009312984e-02 8.468046642467821e-02 1.252945791078524e+08 7.476360107101439e+07 3.238940917801886e+07
2.458052803097943e+06 1.768818474844274e-02 8.468967788461929e-02 1.252901283492107e+08 7.476989079883511e+07 3.239212602930498e+07
2.458052806807943e+06 1.757910167019223e-02 8.469840453087925e-02 1.252849199792631e+08 7.477724925930385e+07 3.239530568753799e+07
2.458053286548083e+06 3.783001153727974e-03 8.587407770756990e-02 1.245948228917777e+08 7.572001375693211e+07 3.280644035420903e+07
2.458053466545775e+06 3.453570257411409e-03 8.590268171475536e-02 1.243321356581045e+08 7.607305823703605e+07 3.295962636698642e+07
2.458053478715775e+06 3.126321022659854e-03 8.592789202617306e-02 1.243145147819657e+08 7.609664159268329e+07 3.296997705639169e+07
2.458053383163725e+06 1.841322360868748e-03 8.615430001525119e-02 1.244552763574354e+08 7.590920642159000e+07 3.288074679726516e+07
2.458053386043726e+06 1.765691426615056e-03 8.616302666151118e-02 1.244511124795557e+08 7.591477178103659e+07 3.288319863551925e+07
2.458053387004726e+06 1.740238708356601e-03 8.616593554359782e-02 1.244497227111643e+08 7.591662867687365e+07 3.288401676634269e+07
2.458053389887725e+06 1.661698892016228e-03 8.616981405304670e-02 1.244455523097414e+08 7.592219890886113e+07 3.288647115841699e+07
2.458053764944571e+06 6.278973973138630e+00 8.658093605462761e-02 1.238849418998369e+08 7.665369089263324e+07 3.321198539967898e+07
2.458053781524570e+06 6.278539095266706e+00 8.662020596279747e-02 1.238604316317710e+08 7.668664315559943e+07 3.322603876980335e+07
2.458053798324570e+06 6.278106399056311e+00 8.664687071525849e-02 1.238355790561573e+08 7.671999190913557e+07 3.324025851467054e+07
2.458052128372727e+06 6.276769040516959e+00 8.676177155768144e-02 1.262485063000447e+08 7.342789757282832e+07 3.181221007208533e+07
2.458052160372556e+06 6.275966189061037e+00 8.683837211929676e-02 1.262037565792363e+08 7.349257984789991e+07 3.183984113134745e+07
2.458052181465794e+06 6.275520839213566e+00 8.689950712448467e-02 1.261802108099321e+08 7.353757018846992e+07 3.185651632879854e+07
2.458052195011794e+06 6.275179845510955e+00 8.692883835219180e-02 1.261615375598603e+08 7.356435698951842e+07 3.186820757127110e+07
2.458052197538794e+06 6.275052800085819e+00 8.691982081772316e-02 1.261536963531284e+08 7.356894835222740e+07 3.187155403434465e+07
2.458052201238794e+06 6.274963351961653e+00 8.692806265030202e-02 1.261485839839622e+08 7.357635752763237e+07 3.187474741991404e+07
2.458053752848546e+06 6.274870267734880e+00 8.693194115975091e-02 1.239061865986528e+08 7.663627328879599e+07 3.320138234740288e+07
2.458053764601545e+06 6.274635157340224e+00 8.697528350284209e-02 1.238936303614178e+08 7.665923483253102e+07 3.321017883644396e+07
2.458053790262545e+06 6.273992948897572e+00 8.702963111649448e-02 1.238566132281643e+08 7.670883978091753e+07 3.323192934889060e+07
2.458053847379713e+06 6.272707950235781e+00 8.713803545559055e-02 1.237734887907014e+08 7.681888044257596e+07 3.328027871412460e+07
2.458054276825114e+06 6.263241284372958e+00 8.792580920602544e-02 1.231334110677231e+08 7.765453107485132e+07 3.364568447052061e+07
2.458052781991714e+06 6.261349056575607e+00 8.820603151370676e-02 1.253262016383727e+08 7.472574191274074e+07 3.236735403013917e+07
2.458052788321714e+06 6.261200703589186e+00 8.821524297364783e-02 1.253172229169311e+08 7.473807648844761e+07 3.237278172515170e+07
2.458054335069802e+06 6.261179614194057e+00 8.821815185573449e-02 1.230479379669111e+08 7.776774813551675e+07 3.368634452498833e+07
2.458054336880802e+06 6.261138889844844e+00 8.822106073782116e-02 1.230452606590284e+08 7.777121036210214e+07 3.368786892673766e+07
2.458054345646802e+06 6.260938176980863e+00 8.823948365770332e-02 1.230322926064016e+08 7.778796432107788e+07 3.369524768322153e+07
2.458054347466802e+06 6.260897452631650e+00 8.824384698083330e-02 1.230295983282814e+08 7.779144185815026e+07 3.369677966093796e+07
2.458054349296802e+06 6.260856728282436e+00 8.824675586291995e-02 1.230268885990191e+08 7.779493819802819e+07 3.369832005578508e+07
2.458054367106802e+06 6.260474210288039e+00 8.816482235081245e-02 1.229993105821236e+08 7.782698892458704e+07 3.372167366288972e+07
2.458054535942634e+06 6.257357343132160e+00 8.843243950278490e-02 1.227444025559691e+08 7.815129605410950e+07 3.386355362438074e+07
2.458054650357070e+06 6.254251384284142e+00 8.873399361243503e-02 1.225653491683113e+08 7.837871104926503e+07 3.395810045508070e+07
2.458054661549070e+06 6.254005583747817e+00 8.875435578704163e-02 1.225487074516413e+08 7.840067178057429e+07 3.396748809340566e+07
2.458054677828187e+06 6.253862321305048e+00 8.876647612906938e-02 1.225242486992382e+08 7.843228835785057e+07 3.398112024060691e+07
2.458054688893187e+06 6.253619429650811e+00 8.878780793103820e-02 1.225078115942271e+08 7.845396394373970e+07 3.399039664776417e+07
2.458055778648956e+06 6.232337321084309e+00 9.068391423785760e-02 1.208438167784125e+08 8.054725091184258e+07 3.489739832022249e+07
2.458054184827893e+06 6.232172969246411e+00 9.069748902092868e-02 1.232659322077192e+08 7.747825848523019e+07 3.356673720123228e+07
2.458054190806856e+06 6.232064613388682e+00 9.070912454927531e-02 1.232570781372441e+08 7.748998140255208e+07 3.357166838895827e+07
2.458054192487846e+06 6.232030434024163e+00 9.071009417663752e-02 1.232547726895212e+08 7.749323331735745e+07 3.357319783742986e+07
2.458054197426816e+06 6.231946076443649e+00 9.071882082289749e-02 1.232474373322441e+08 7.750292172896107e+07 3.357725186323368e+07
2.458054199500803e+06 6.231898807109742e+00 9.072172970498416e-02 1.232445586376307e+08 7.750693287441452e+07 3.357911277737963e+07
2.458054204186775e+06 6.231816631190791e+00 9.073191079228746e-02 1.232375951279582e+08 7.751612640117203e+07 3.358295341665911e+07
2.458054215946704e+06 6.231597010593249e+00 9.074984889848850e-02 1.232204020657620e+08 7.753902730404218e+07 3.359285137848379e+07
2.458054222686125e+06 6.231471928663520e+00 9.076002998579180e-02 1.232105811620848e+08 7.755215886502561e+07 3.359853277704196e+07
2.458054224886126e+06 6.231423932109091e+00 9.076584774996511e-02 1.232073764617360e+08 7.755644355867663e+07 3.360038739897393e+07
2.458055059535832e+06 6.217110777801718e+00 9.208744984466971e-02 1.219452027549449e+08 7.916742191369092e+07 3.430025780846842e+07
2.458055064895800e+06 6.217021329677554e+00 9.209617649092967e-02 1.219371330311876e+08 7.917789706692494e+07 3.430473074567103e+07
2.458055072320756e+06 6.216894066086262e+00 9.210781201927630e-02 1.219262172667984e+08 7.919270226804557e+07 3.431099533648824e+07
2.458055077503724e+06 6.216812617387834e+00 9.211459941081183e-02 1.219181718608786e+08 7.920252543029749e+07 3.431525216169427e+07
2.458056760839859e+06 6.215098558618258e+00 9.227022460244801e-02 1.193059354140350e+08 8.240819343288171e+07 3.570425996961926e+07
2.458056764579860e+06 6.215042562638089e+00 9.227555755294020e-02 1.193001355195890e+08 8.241526799361110e+07 3.570731381177943e+07
2.458065028824970e+06 6.124523969865499e+00 1.032687077720989e-01 1.050295277690213e+08 9.707345989673495e+07 4.206376817936753e+07
2.458065049534510e+06 6.124419250110379e+00 1.032876155056622e-01 1.049911060164284e+08 9.710846789391562e+07 4.207865818314702e+07
2.458065072247511e+06 6.124304349267955e+00 1.033094321213121e-01 1.049491070817090e+08 9.714686820369080e+07 4.209500524655879e+07
2.458067626400295e+06 6.119713406114685e+00 1.042412440164047e-01 1.000843492577468e+08 1.012880358621703e+08 4.388985935705697e+07
2.458067821271983e+06 6.119677772309124e+00 1.042480314079402e-01 9.970505668872322e+07 1.015961634438578e+08 4.402332878936146e+07
2.458067827605983e+06 6.119650137929300e+00 1.042533643584324e-01 9.969284506421256e+07 1.016063271539058e+08 4.402766263091458e+07
2.458068588090803e+06 6.115966038766556e+00 1.050906375857086e-01 9.819978280521348e+07 1.027946779853417e+08 4.454363529907842e+07
2.458068595161804e+06 6.115938404386731e+00 1.050954857225197e-01 9.818590649307922e+07 1.028058900125844e+08 4.454839885854521e+07
2.458067095933673e+06 6.115702057717188e+00 1.051502696684850e-01 1.011118337389357e+08 1.004445123780451e+08 4.352411402047724e+07
2.458067100759394e+06 6.115683149983625e+00 1.051541481779339e-01 1.011026379222846e+08 1.004523499843996e+08 4.352746080179647e+07
2.458067103121394e+06 6.115673696116843e+00 1.051565722463395e-01 1.010981394682682e+08 1.004561864153170e+08 4.352909891873422e+07
2.458067105470394e+06 6.115665696691105e+00 1.051585115010639e-01 1.010936666119820e+08 1.004600009406635e+08 4.353072801987757e+07
2.458069630712340e+06 6.112179401510254e+00 1.060466901648565e-01 9.612672380225585e+07 1.043990021909320e+08 4.523826317442879e+07
2.458069639663584e+06 6.112132132176345e+00 1.060592953205654e-01 9.610907350660352e+07 1.044129760447640e+08 4.524416726434210e+07
2.458069663225584e+06 6.112049229036874e+00 1.060796574951720e-01 9.606242389326452e+07 1.044493788370596e+08 4.525970836293824e+07
2.458072765919403e+06 6.103688229255199e+00 1.088576883692978e-01 8.970923391898037e+07 1.090102817761979e+08 4.723539494424766e+07
2.458072769176403e+06 6.103680593439720e+00 1.088605487700163e-01 8.970249545387995e+07 1.090148136179577e+08 4.723740072483990e+07
2.458072772435403e+06 6.103673030346296e+00 1.088632637266305e-01 8.969575087663601e+07 1.090193466553781e+08 4.723940773740166e+07
2.458072775707403e+06 6.103664958198506e+00 1.088661241273491e-01 8.968897737868674e+07 1.090238962173164e+08 4.724142275547314e+07
2.458072092262519e+06 6.101906684421211e+00 1.096605883065833e-01 9.111055190280323e+07 1.080484855234985e+08 4.681763870823912e+07
2.458073670993304e+06 6.101899484938047e+00 1.096635941514062e-01 8.779993061852606e+07 1.102832364384300e+08 4.778638635866076e+07
2.458073674250304e+06 6.101892503621039e+00 1.096665030334928e-01 8.779315020296383e+07 1.102877275390686e+08 4.778834902584969e+07
2.458073677506304e+06 6.101886031358395e+00 1.096694119155795e-01 8.778637109880652e+07 1.102922148511489e+08 4.779031109001125e+07
2.458074612171703e+06 6.100280619334756e+00 1.104880682975010e-01 8.578799532224783e+07 1.115730993107990e+08 4.834814191509433e+07
2.458074648767115e+06 6.100208624503111e+00 1.105244293235842e-01 8.571041481180811e+07 1.116237414793392e+08 4.836966326515469e+07
2.458078650102156e+06 6.095995981465215e+00 1.140366135550142e-01 7.692450392611727e+07 1.167651415506757e+08 5.059536160821203e+07
2.458078655620156e+06 6.095990963643616e+00 1.140419465055064e-01 7.691200340884475e+07 1.167720138165843e+08 5.059827553512022e+07
2.458078661315156e+06 6.095986673042538e+00 1.140477157883116e-01 7.689910752045569e+07 1.167791108473244e+08 5.060128293144429e+07
2.458078534111990e+06 6.095981655220938e+00 1.140528063319632e-01 7.718433985056262e+07 1.166243174678930e+08 5.053409527287921e+07
2.458078551114990e+06 6.095967692586923e+00 1.140680779629182e-01 7.714589158608304e+07 1.166455416881190e+08 5.054307410713694e+07
2.458078556334991e+06 6.095963983762261e+00 1.140723443233119e-01 7.713410936730537e+07 1.166520794122809e+08 5.054583740345633e+07
2.458078571839991e+06 6.095951330125185e+00 1.140871796219539e-01 7.709914503419513e+07 1.166715130981058e+08 5.055404524025394e+07
2.458077040575906e+06 6.095955184393951e+00 1.141377941702617e-01 8.050713939476058e+07 1.147591618474110e+08 4.972967005574537e+07
2.458077046836906e+06 6.095936276660385e+00 1.141471995556752e-01 8.049334010907820e+07 1.147684560665733e+08 4.973347335398921e+07
2.458077053098906e+06 6.095913078325745e+00 1.141500599563938e-01 8.047984803920132e+07 1.147782765264190e+08 4.973726925899529e+07
2.458077059360906e+06 6.095892134374722e+00 1.141473449997796e-01 8.046635596932442e+07 1.147880969862648e+08 4.974106516400138e+07
2.458077065621906e+06 6.095879262571487e+00 1.141420120492874e-01 8.045286605355658e+07 1.147979158782013e+08 4.974486046296307e+07
2.458078665830787e+06 6.095913369213954e+00 1.141986867686091e-01 7.689557174083145e+07 1.167940116526098e+08 5.060801064221338e+07
2.458078681808901e+06 6.095894606924494e+00 1.142079951912864e-01 7.686006820678389e+07 1.168092956594760e+08 5.061482755458035e+07
2.458078688069901e+06 6.095871481311906e+00 1.142107586292687e-01 7.684609615409636e+07 1.168151141013352e+08 5.061746407700033e+07
2.458078694331901e+06 6.095850682804986e+00 1.142080921540226e-01 7.683212187031060e+07 1.168209334723001e+08 5.062010102042792e+07
2.458078700592901e+06 6.095838029167909e+00 1.142027592035304e-01 7.681814981762308e+07 1.168267519141593e+08 5.062273754284789e+07
2.458079713065751e+06 6.095356463738493e+00 1.151157118464278e-01 7.453253794792373e+07 1.180466275748651e+08 5.115234202323373e+07
2.458079736362752e+06 6.095342719270634e+00 1.151366073160836e-01 7.448044313884470e+07 1.180736388255461e+08 5.116425126028552e+07
2.458078174286023e+06 6.095328974802774e+00 1.151588117826784e-01 7.799823337455395e+07 1.161902474550496e+08 5.034788504160360e+07
2.458078197743108e+06 6.095315303056966e+00 1.151797072523342e-01 7.794645418044943e+07 1.162185480669899e+08 5.036043831052850e+07
2.458078221410108e+06 6.095301776755264e+00 1.152014269052479e-01 7.789405806024787e+07 1.162469337578351e+08 5.037306875569208e+07
2.458080020578014e+06 6.095259016188590e+00 1.154239079035091e-01 7.383253666497068e+07 1.184040079051707e+08 5.130687217174468e+07
2.458080026840014e+06 6.095242290116592e+00 1.154316649224068e-01 7.381969739556608e+07 1.184103843018054e+08 5.130915560507765e+07
2.458078448726146e+06 6.095221782497881e+00 1.154332648075545e-01 7.738372944762632e+07 1.165256660699897e+08 5.049134631542831e+07
2.458078454988111e+06 6.095203674706891e+00 1.154300650372592e-01 7.737146697337040e+07 1.165333599528923e+08 5.049393067736253e+07
2.458078461249076e+06 6.095193566341640e+00 1.154252653818162e-01 7.735775399372591e+07 1.165404092547417e+08 5.049691078944667e+07
2.458080504648027e+06 6.095063975644679e+00 1.158985889786834e-01 7.272190917103699e+07 1.189593329296692e+08 5.154653473093444e+07
2.458080700912764e+06 6.095050958397340e+00 1.159287443896485e-01 7.227215875725333e+07 1.191852181989926e+08 5.164405278962830e+07
2.458080744110892e+06 6.095004198117797e+00 1.160953748518458e-01 7.218270160708193e+07 1.192407502534066e+08 5.167064568616015e+07
2.458080758072892e+06 6.094998671241832e+00 1.161084648212358e-01 7.215101699278876e+07 1.192562285133487e+08 5.167753008092233e+07
2.458081005301815e+06 6.094968346146079e+00 1.161879742649377e-01 7.158483263322297e+07 1.195339993415164e+08 5.179925286621075e+07
2.458099555458134e+06 6.112534066958673e+00 1.354892310931663e-01 2.597623973111804e+07 1.339082046237358e+08 5.802697092315713e+07
2.458099561719134e+06 6.112536539508446e+00 1.354923339007253e-01 2.596178442928867e+07 1.339107161265583e+08 5.802897355045512e+07
2.458099567981134e+06 6.112535303233559e+00 1.354972790002727e-01 2.594732681811930e+07 1.339132280306118e+08 5.803097649768744e+07
2.458098063925883e+06 6.112534430568934e+00 1.355046481682255e-01 2.981031774878999e+07 1.332548362414669e+08 5.774517961081924e+07
2.458098070186858e+06 6.112537775783332e+00 1.355144414045839e-01 2.979325614009293e+07 1.332593356302187e+08 5.774608579410513e+07
2.458120786025329e+06 6.160162938692760e+00 1.618859300699053e-01 -2.924959622369665e+07 1.330708550007128e+08 5.766537535467928e+07
2.458120792287329e+06 6.160174792387262e+00 1.618995533343444e-01 -2.926576879359512e+07 1.330693545315524e+08 5.766357393993167e+07
2.458120974118971e+06 6.160183009979158e+00 1.619124008968938e-01 -2.972819792593225e+07 1.329722783247867e+08 5.762700382131135e+07
2.458120980380971e+06 6.160190791238739e+00 1.619229213537740e-01 -2.974580975200808e+07 1.329702567843373e+08 5.762596258642519e+07
2.458120986641971e+06 6.160200754159886e+00 1.619303874844630e-01 -2.976341876491556e+07 1.329682355667922e+08 5.762492151785731e+07
2.458119371002893e+06 6.160506913999509e+00 1.620640021349768e-01 -2.560546466869184e+07 1.337051471845603e+08 5.794231031885806e+07
2.458119377665785e+06 6.160518694971961e+00 1.620776738807841e-01 -2.562253221385913e+07 1.337015029249175e+08 5.794140259248240e+07
2.458119383926785e+06 6.160527130730013e+00 1.620904729619654e-01 -2.564046851740556e+07 1.336989287280774e+08 5.794083973365020e+07
2.458119390188785e+06 6.160534839267541e+00 1.621009449374773e-01 -2.565840768507319e+07 1.336963541201820e+08 5.794027678493906e+07
2.458119396449785e+06 6.160544656744584e+00 1.621082656240621e-01 -2.567634398728561e+07 1.336937799235333e+08 5.793971392614872e+07
